9.857	87.903
10	88.053
10.145	88.055
10.293	88.101
10.443	88.178
10.595	88.272
10.749	88.371
10.905	88.472
11.064	88.574
11.225	88.673
11.388	88.766
11.554	88.85
11.722	88.923
11.892	88.985
12.065	89.036
12.241	89.078
12.419	89.114
12.599	89.146
12.782	89.177
12.968	89.209
13.157	89.244
13.348	89.282
13.543	89.321
13.74	89.358
13.939	89.392
14.142	89.419
14.348	89.436
14.557	89.442
14.768	89.438
14.983	89.427
15.201	89.412
15.422	89.401
15.646	89.397
15.874	89.403
16.105	89.419
16.339	89.443
16.577	89.471
16.818	89.501
17.063	89.53
17.311	89.556
17.563	89.579
17.818	89.601
18.077	89.623
18.34	89.645
18.607	89.666
18.877	89.686
19.152	89.703
19.431	89.718
19.713	89.73
20	89.738
20.291	89.747
20.586	89.757
20.885	89.77
21.189	89.785
21.497	89.8
21.81	89.814
22.127	89.826
22.449	89.838
22.776	89.851
23.107	89.864
23.443	89.878
23.784	89.892
24.13	89.897
24.481	89.902
24.837	89.909
25.198	89.92
25.565	89.939
25.937	89.965
26.314	89.993
26.697	90.023
27.085	90.045
27.479	90.06
27.879	90.064
28.284	90.058
28.696	90.039
29.113	90.01
29.537	89.976
29.966	89.938
30.402	89.897
30.844	89.855
31.293	89.799
31.748	89.737
32.21	89.672
32.678	89.6
33.154	89.52
33.636	89.434
34.125	89.348
34.621	89.264
35.125	89.188
35.636	89.113
36.154	89.031
36.68	88.945
37.214	88.855
37.755	88.758
38.304	88.669
38.861	88.59
39.427	88.519
40	88.462
40.582	88.417
41.172	88.384
41.771	88.365
42.379	88.366
42.995	88.386
43.62	88.428
44.255	88.49
44.898	88.569
45.552	88.657
46.214	88.75
46.886	88.85
47.568	88.948
48.26	89.044
48.962	89.138
49.674	89.231
50.397	89.318
51.13	89.402
51.874	89.484
52.628	89.56
53.394	89.636
54.17	89.713
54.958	89.794
55.758	89.875
56.569	89.956
57.391	90.025
58.226	90.087
59.073	90.142
59.932	90.188
60.804	90.233
61.688	90.276
62.586	90.317
63.496	90.349
64.42	90.372
65.357	90.395
66.307	90.42
67.272	90.434
68.25	90.447
69.243	90.462
70.25	90.487
71.272	90.509
72.309	90.535
73.36	90.561
74.427	90.587
75.51	90.611
76.608	90.632
77.723	90.652
78.853	90.676
80	90.705
81.164	90.733
82.344	90.763
83.542	90.79
84.757	90.819
85.99	90.854
87.241	90.9
88.51	90.963
89.797	91.027
91.103	91.095
92.428	91.159
93.773	91.225
95.137	91.291
96.52	91.355
97.924	91.421
99.349	91.473
100.794	91.514
102.26	91.553
103.747	91.592
105.256	91.634
106.787	91.676
108.34	91.719
109.916	91.76
111.515	91.799
113.137	91.832
114.783	91.862
116.452	91.895
118.146	91.937
119.865	91.983
121.608	92.04
123.377	92.098
125.171	92.154
126.992	92.211
128.839	92.267
130.713	92.319
132.615	92.367
134.543	92.409
136.5	92.451
138.486	92.482
140.5	92.498
142.544	92.508
144.617	92.524
146.721	92.554
148.855	92.58
151.02	92.602
153.217	92.62
155.445	92.634
157.706	92.643
160	92.643
162.327	92.639
164.688	92.632
167.084	92.617
169.514	92.596
171.98	92.572
174.481	92.552
177.019	92.54
179.594	92.526
182.206	92.511
184.856	92.496
187.545	92.489
190.273	92.479
193.041	92.46
195.849	92.438
198.697	92.402
201.587	92.36
204.52	92.311
207.494	92.249
210.512	92.185
213.574	92.123
216.681	92.052
219.833	91.982
223.03	91.918
226.274	91.852
229.565	91.791
232.905	91.733
236.292	91.673
239.729	91.606
243.216	91.539
246.754	91.477
250.343	91.417
253.984	91.362
257.678	91.315
261.426	91.273
265.229	91.232
269.087	91.188
273.001	91.14
276.972	91.093
281	91.05
285.088	91.015
289.234	90.979
293.441	90.941
297.709	90.899
302.04	90.847
306.433	90.772
310.89	90.679
315.412	90.578
320	90.467
324.655	90.348
329.377	90.226
334.168	90.106
339.028	89.994
343.959	89.893
348.962	89.797
354.038	89.705
359.188	89.586
364.412	89.464
369.713	89.355
375.09	89.263
380.546	89.185
386.081	89.135
391.697	89.108
397.394	89.105
403.175	89.118
409.039	89.146
414.989	89.182
421.025	89.216
427.149	89.245
433.362	89.269
439.665	89.293
446.06	89.317
452.548	89.308
459.131	89.301
465.809	89.299
472.584	89.304
479.458	89.316
486.432	89.336
493.507	89.354
500.686	89.368
507.968	89.373
515.357	89.365
522.853	89.347
530.458	89.328
538.174	89.327
546.002	89.344
553.943	89.379
562.001	89.42
570.175	89.447
578.469	89.448
586.883	89.419
595.419	89.347
604.08	89.241
612.866	89.137
621.78	89.087
630.824	89.072
640	89.074
649.309	89.118
658.753	89.195
668.335	89.308
678.056	89.438
687.919	89.575
697.925	89.724
708.077	89.896
718.376	90.086
728.825	90.294
739.426	90.511
750.181	90.723
761.093	90.922
772.163	91.102
783.394	91.261
794.789	91.392
806.349	91.494
818.078	91.567
829.977	91.609
842.05	91.623
854.298	91.616
866.724	91.596
879.33	91.571
892.12	91.538
905.097	91.499
918.262	91.456
931.618	91.414
945.169	91.359
958.917	91.296
972.864	91.222
987.015	91.144
1001.37	91.074
1015.94	91.008
1030.71	90.938
1045.71	90.87
1060.92	90.792
1076.35	90.699
1092.00	90.601
1107.89	90.501
1124.00	90.406
1140.35	90.325
1156.94	90.255
1173.77	90.201
1190.84	90.13
1208.16	90.069
1225.73	90.036
1243.56	89.998
1261.65	89.936
1280	89.849
1298.62	89.735
1317.51	89.604
1336.67	89.489
1356.11	89.408
1375.84	89.344
1395.85	89.272
1416.15	89.2
1436.75	89.11
1457.65	89.005
1478.85	88.906
1500.36	88.854
1522.19	88.882
1544.33	89.034
1566.79	89.332
1589.58	89.769
1612.70	90.306
1636.16	90.857
1659.96	91.356
1684.10	91.762
1708.60	92.076
1733.45	92.288
1758.66	92.396
1784.24	92.424
1810.19	92.404
1836.52	92.358
1863.24	92.306
1890.34	92.258
1917.83	92.22
1945.73	92.186
1974.03	92.154
2002.74	92.163
2031.87	92.21
2061.43	92.285
2091.41	92.362
2121.83	92.429
2152.70	92.484
2184.01	92.617
2215.77	92.764
2248.00	92.829
2280.70	92.833
2313.87	92.822
2347.53	92.823
2381.68	92.853
2416.32	92.913
2451.46	93.003
2487.12	93.103
2523.30	93.207
2560	93.234
2597.24	93.176
2635.01	93.045
2673.34	92.895
2712.23	92.765
2751.68	92.677
2791.70	92.627
2832.31	92.59
2873.50	92.519
2915.30	92.391
2957.70	92.21
3000.72	92.008
3044.37	91.796
3088.65	91.567
3133.58	91.323
3179.16	91.033
3225.40	90.669
3272.31	90.203
3319.91	89.653
3368.20	89.024
3417.19	88.311
3466.89	87.538
3517.32	86.738
3568.48	85.975
3620.39	85.312
3673.05	84.802
3726.47	84.49
3780.68	84.402
3835.67	84.521
3891.46	84.808
3948.06	85.218
4005.49	85.712
4063.75	86.269
4122.86	86.829
4182.82	87.3
4243.66	87.633
4305.39	87.817
4368.01	87.865
4431.55	87.817
4496.01	87.712
4561.40	87.585
4627.75	87.455
4695.06	87.328
4763.35	87.212
4832.64	87.111
4902.93	87.052
4974.24	87.039
5046.60	87.084
5120	87.206
5194.47	87.425
5270.03	87.753
5346.68	88.176
5424.45	88.669
5503.35	89.193
5583.40	89.735
5664.61	90.303
5747.01	90.884
5830.60	91.445
5915.41	91.938
6001.45	92.326
6088.74	92.583
6177.30	92.702
6267.15	92.671
6358.31	92.521
6450.80	92.299
6544.63	92.04
6639.82	91.775
6736.40	91.54
6834.38	91.417
6933.79	91.483
7034.64	91.791
7136.96	92.334
7240.77	92.983
7346.09	93.55
7452.94	93.843
7561.35	93.748
7671.33	93.306
7782.91	92.638
7896.12	91.876
8010.97	91.073
8127.49	90.374
8245.71	89.864
8365.65	89.452
8487.33	88.959
8610.78	88.372
8736.03	87.704
8863.09	87.105
8992.01	86.71
9122.80	86.513
9255.50	86.612
9390.12	87.126
9526.70	87.853
9665.27	88.507
9805.86	88.84
9948.49	88.674
10093.19	87.965
10240	86.877
10388.94	85.71
10540.06	84.611
10693.36	83.855
10848.90	83.616
11006.70	83.828
11166.80	84.325
11329.22	84.843
11494.01	85.373
11661.20	85.843
11830.81	86.159
12002.90	86.396
12177.48	86.622
12354.61	86.996
12534.31	87.685
12716.62	88.51
12901.59	89.259
13089.25	89.748
13279.64	90.045
13472.79	90.328
13668.76	90.733
13867.58	91.333
14069.29	92.067
14273.93	92.772
14481.55	93.226
14692.19	93.324
14905.89	92.928
15122.70	92.013
15342.66	90.677
15565.83	88.874
15792.24	86.621
16021.94	84.187
16254.99	81.924
16491.42	80.121
16731.29	78.786
16974.66	77.754
17221.56	77.121
17472.05	76.768
17726.19	76.774
17984.02	76.612
18245.61	76.451
18510.99	76.566
18780.24	77.41
19053.41	78.812
19330.55	80.995
19611.72	84.15
19896.97	87.229
20186.38	85.915
20480	83.275
20777.89	78.776
21080.11	72.662
21386.73	65.678
21697.80	58.815
	
	
	
	
	
	
	
	
	
	
	
	
	
	
	
	
	
	
	
	
	
	
	
	
	
	
	
	
	
	
	
	
	
	
	
	
	
	
	
	
	
	
	
	
	
	
	
	
	
	
	
	
	
	
	
	
	
	
	
	
	
	
	
	
	
	
	
	
	
	
	
	
	
	
	
	
	
	
	
	
	
	
	
	
	
	
	
	
	
	
	
	
	
	
	
	
	
	
	
	
	
	
	
	
	
	
	
	
	
	
	
	
	
	
	
	
	
	
	
	
	
	
	
	
	
	
	
	
	
	
	
	
	
	
	
	
	
	
	
	
	
	
	
	
	
	
	
	
	
	
	
	
	
	
	
	
	
	
	
	
	
	
	
	
	
	
	
	
	
	
	
	
	
	
	
	
	
	
	
	
	
	
	
	
	
	
	
	
	
	
	
	
	
	
	
	
	
	
	
	
	
	
	
	
	
	
	
	
	
	
	
	
	
	
	
	
	
	
	
	
	
	
	
	
	
	
	
	
	
	
	
	
	
	
	
	
	
	
	
	
	
	
	
	
	
	
	
	
	
	
	
	
	
	
	
	
	
	
	
	
	
	
	
	
	
	
	
	
	
	
	
	
	
	
	
	
	
	
	
	
	
	
	
	
	
	
	
	
	
	
	
	
	
	
	
	
	
	
	
	
	
	
	
	
	
	
	
	
	
	
	
	
	
	
	
	
	
	
	
	
	
	
	
	
	
	
	
	
	
	
	
	
	
	
	
	
	
	
	
	
	
	
	
	
	
	
	
	
	
	
	
	
	
	
	
	
	
	
	
	
	
	
	
	
	
	
	
	
	
	
	
	
	
	
	
	
	
	
	
	
	
	
	
	
	
	
	
	
	
	
	
	
	
	
	
	
	
	
	
	
	
	
	
	
	
	
	
	
	
	
	
	
	
	
	
	
	
	
	
	
	
	
	
	
	
	
	
	
	
	
	
	
	
	
	
	
	
	
	
	
	
	
	
	
	
	
	
	
	
	
	
	
	
	
	
	
	
	
	
	
	
	
	
	
	
	